420 109
488 25
802 771
89 836
308 325
977 349
808 264
146 952
225 735
408 68
394 389
287 326
567 159
482 658
75 874
272 824
62 617
927 671
261 267
147 294
921 230
243 17
251 680
100 97
987 957
965 309
761 512
256 175
799 185
581 506
443 567
852 421
18 130
66 467
681 279
238 719
158 2
343 3
741 660
626 85
878 650
340 933
982 922
804 177
959 991
844 919
870 986
966 458
645 491
992 709
436 113
514 696
476 843
545 598
754 292
774 67
440 47
864 146
419 710
571 784
790 1000
233 847
175 145
713 490
262 154
279 648
556 32
164 791
526 815
943 517
724 126
885 518
944 822
12 560
179 122
414 369
542 437
882 946
194 956
125 99
137 48
896 860
997 347
685 270
887 242
1000 220
105 901
901 692
714 618
780 825
740 970
484 120
668 116
403 308
282 589
72 468
689 673
599 632
777 633
208 167
894 480
2 144
848 376
664 98
116 975
24 103
868 336
207 370
789 992
743 414
934 299
90 783
659 620
351 611
28 588
679 723
698 489
212 76
195 880
771 486
81 801
264 691
942 450
474 311
114 706
904 539
253 215
17 306
778 129
183 546
874 408
991 582
752 190
352 268
336 747
616 415
470 839
497 809
978 851
827 741
742 941
902 232
976 803
755 841
229 663
654 265
234 324
749 799
717 875
702 406
296 426
984 46
332 112
228 288
271 920
465 367
961 516
596 22
835 657
677 958
624 655
178 495
32 649
47 54
424 732
318 280
135 139
305 403
849 813
700 63
185 724
341 216
133 703
833 12
695 746
524 714
518 108
841 400
27 711
334 115
795 833
604 316
602 669
345 818
865 351
701 979
746 70
136 106
640 178
597 903
578 165
364 862
160 872
159 143
582 429
463 998
929 950
496 514
631 653
270 193
907 498
879 886
666 596
439 26
108 440
312 830
516 301
642 298
115 430
637 287
432 362
505 549
975 708
259 189
97 49
60 57
213 381
971 505
442 117
656 91
148 561
281 374
388 340
728 988
20 603
11 779
498 45
294 368
726 56
569 72
699 917
842 211
337 829
539 667
333 721
214 407
784 248
322 171
828 343
559 202
952 921
923 682
786 857
915 790
169 900
107 555
613 337
96 928
704 925
35 447
829 963
198 528
230 981
988 837
592 562
384 153
525 652
123 754
454 716
127 225
839 681
119 507
862 785
810 234
935 601
254 894
924 895
561 90
417 978
304 687
210 409
509 427
29 640
211 320
459 361
949 571
356 281
479 241
636 573
660 402
48 677
647 906
4 158
33 627
803 665
891 24
421 993
909 111
452 249
591 31
23 873
161 923
319 141
232 892
170 774
866 697
380 610
288 95
84 960
800 28
606 705
574 579
310 252
825 372
517 18
690 446
199 192
791 80
368 519
817 871
680 451
342 296
815 231
363 666
460 848
245 13
857 210
165 258
355 781
391 808
313 713
215 459
722 114
521 898
872 513
353 110
142 623
289 318
670 501
703 157
520 656
536 78
572 443
171 914
843 509
217 182
301 161
855 616
103 33
576 558
853 577
730 384
721 550
643 212
851 524
468 559
914 94
912 37
652 344
632 637
480 767
601 302
1 989
201 527
278 729
729 453
237 887
985 508
931 424
661 578
10 477
126 305
86 854
453 74
906 246
719 173
826 342
508 228
325 422
113 842
141 58
153 949
744 174
187 30
788 360
709 576
811 940
461 581
523 985
564 121
297 554
806 522
469 645
628 27
595 152
633 984
993 782
335 807
570 200
908 331
451 88
510 29
163 397
706 386
884 531
331 947
812 624
945 557
255 547
665 980
266 743
499 983
306 662
346 739
715 65
782 59
82 354
390 1
972 926
911 792
967 431
768 676
242 647
994 481
968 994
362 100
612 69
568 222
999 884
220 142
5 685
400 493
129 826
854 204
396 613
653 772
209 536
265 793
758 974
553 358
995 761
650 266
697 278
246 939
920 123
295 214
734 764
598 487
623 965
205 759
329 622
174 257
177 496
983 883
818 463
831 584
252 240
990 290
821 53
662 160
477 194
489 218
658 465
15 229
299 725
68 535
938 359
150 479
99 551
562 201
928 224
930 867
819 592
42 168
38 521
37 951
512 948
779 672
766 819
490 363
188 379
93 10
413 283
847 595
750 670
563 864
456 425
385 885
683 289
641 83
275 728
787 355
834 243
905 731
132 150
120 62
202 207
49 291
533 382
954 385
973 863
284 804
378 435
513 520
814 503
404 794
76 328
83 34
483 810
167 364